node_tot_num = 4

point_position = [[23.940000,11.776018],[23.835000,12.895928],[22.295000,12.828054],[22.820000,11.708145]]