node_tot_num = 4

point_position = [[13.895000,5.192308],[11.900000,7.058824],[13.755000,9.875566],[16.135000,7.771493]]