node_tot_num = 4

point_position = [[3.395000,6.108597],[0.840000,6.278281],[0.770000,8.484163],[3.360000,8.585973]]