node_tot_num = 1

point_position = [[19.145000,2.239819]]