node_tot_num = 4

point_position = [[5.490000,4.490706],[5.490000,3.464684],[6.540000,3.449814],[6.495000,4.490706]]