node_tot_num = 2

point_position = [[8.640000,1.055762],[6.435000,1.130112]]