node_tot_num = 4

point_position = [[2.550000,2.364312],[2.580000,0.684015],[0.315000,0.669145],[0.525000,2.275093]]