node_tot_num = 4

point_position = [[8.835000,3.033457],[8.730000,1.100372],[10.320000,0.907063],[10.230000,3.137546]]