node_tot_num = 2

point_position = [[3.885000,1.189591],[5.145000,0.892193]]