node_tot_num = 2

point_position = [[0.525000,7.390335],[0.585000,6.408922]]