node_tot_num = 8

point_position = [[6.045000,4.550186],[6.495000,5.947955],[8.310000,5.576208],[6.705000,5.531599],[6.390000,3.762082],[6.345000,1.368030],[8.325000,1.070632],[5.775000,1.546468]]