node_tot_num = 4

point_position = [[1.605000,7.078067],[3.600000,7.048327],[3.630000,4.237918],[1.485000,4.297398]]