node_tot_num = 4

point_position = [[9.480000,7.420074],[9.465000,5.501859],[11.550000,5.472119],[11.445000,7.494424]]