node_tot_num = 5

point_position = [[12.145000,3.156109],[10.815000,4.581448],[10.080000,5.871041],[9.520000,7.364253],[10.150000,8.789593]]