node_tot_num = 6

point_position = [[12.565000,2.273756],[11.690000,3.257919],[10.850000,4.547511],[9.870000,6.210407],[9.765000,7.873303],[10.535000,9.061086]]