node_tot_num = 4

point_position = [[4.025000,1.900452],[6.055000,1.866516],[5.250000,3.122172],[4.060000,3.122172]]