node_tot_num = 1

point_position = [[8.820000,12.794118]]