node_tot_num = 1

point_position = [[21.875000,3.766968]]