node_tot_num = 4

point_position = [[27.020000,6.414027],[27.020000,8.653846],[24.395000,8.721719],[24.325000,6.312217]]