node_tot_num = 6

point_position = [[16.590000,4.954751],[17.500000,6.244344],[18.165000,7.601810],[17.640000,9.400452],[17.115000,10.486425],[16.135000,12.013575]]