node_tot_num = 3

point_position = [[17.710000,2.307692],[16.450000,3.936652],[15.085000,2.545249]]