node_tot_num = 3

point_position = [[13.055000,12.047511],[11.445000,10.859729],[10.255000,12.013575]]